(45,26),(88,34);(39,6),(67,8);(73,52),(92,38);(63,35),(18,61);(34,23),(46,10);
(2,75),(86,47);(26,18),(95,36);(59,78),(49,95);(63,95),(67,80);(23,12),(33,46);
(33,1),(46,10);(63,78),(2,75);(2,33),(11,31);(99,98),(18,5);(88,34),(49,95);
(25,43),(46,10);(66,1),(2,75);(17,59),(2,33);(85,7),(85,59);(51,56),(63,95);
(1,48),(46,7);(66,49),(57,84);(59,78),(63,35);(0,49),(69,83);(75,82),(51,56);
(67,8),(92,38);(25,43),(86,47);(54,33),(12,42);(87,12),(57,84);(37,92),(84,90);
(18,61),(12,42);(66,49),(95,36);(85,7),(73,52);(1,48),(99,98);(53,26),(11,31);
(34,23),(86,47);(22,91),(55,59);(23,12),(75,6);(66,1),(33,1);(33,46),(97,41);
(87,12),(66,49);(92,38),(8,19);(54,33),(97,41);(45,26),(7,53);(39,6),(85,59);
(63,78),(34,23);(76,9),(18,5);(67,80),(17,59);(25,43),(66,1);(75,82),(53,26);
(0,49),(18,61);(12,42),(19,3);(33,1),(63,78);(76,9),(46,7);(8,19),(84,90);
(8,19),(37,92);
